0 0.2578125 0.45625 0.21875 0.5125 0.1921875 0.5375 0.0875 0.6020833328124999 0.0828125 0.60625 0.1 0.6041666671875 0.240625 0.5270833328125 0.2578125 0.45625
0 0.30625 0.029166667187500002 0.3484375 0.04375 0.3734375 0.0625 0.53125 0.26875 0.5125 0.2979166671875 0.5 0.28958333281250004 0.571875 0.3958333328125 0.7 0.5270833328125 0.7125 0.53125 0.734375 0.5604166671875 0.7421875 0.5583333328125 0.75 0.575 0.771875 0.5854166671875001 0.775 0.5979166671875 0.7859375 0.6020833328124999 0.865625 0.6979166671875 0.8828125 0.75625 0.88125 0.7979166671875 0.8734375 0.8270833328125 0.8296875 0.8854166671874999 0.8421875 0.8875 0.890625 0.8 0.8921875 0.74375 0.86875 0.6875 0.371875 0.0479166671875 0.3328125 0.025 0.2671875 0.014583332812499999 0.25 0.0166666671875 0.2375 0.03125 0.2390625 0.0458333328125 0.2453125 0.0333333328125 0.2640625 0.0270833328125 0.30625 0.029166667187500002
0 0.2421875 0.46458333281249997 0.25625 0.46458333281249997 0.2640625 0.4125 0.259375 0.3458333328125 0.2734375 0.26875 0.309375 0.23125 0.3125 0.21458333281250003 0.334375 0.1854166671875 0.3265625 0.1708333328125 0.325 0.1270833328125 0.2890625 0.0979166671875 0.246875 0.08333333281250001 0.240625 0.06875 0.228125 0.0791666671875 0.2296875 0.23333333281250002 0.221875 0.2625 0.2171875 0.36875 0.2046875 0.42291666718750004 0.2078125 0.5145833328125 0.2171875 0.49583333281249997 0.240625 0.48125 0.2421875 0.46458333281249997
0 0.2375 0.20208333281250002 0.246875 0.1729166671875 0.228125 0.1916666671875 0.228125 0.21458333281250003 0.2484375 0.2479166671875 0.2515625 0.23958333281250002 0.2375 0.20208333281250002
0 0.2796875 0.2208333328125 0.2671875 0.0916666671875 0.259375 0.0916666671875 0.259375 0.1145833328125 0.275 0.2875 0.2796875 0.2208333328125
0 0.2171875 0.7395833328125 0.2171875 0.6729166671875 0.23125 0.6520833328125 0.2484375 0.5979166671875 0.2484375 0.5791666671875 0.26875 0.53125 0.2796875 0.5208333328125 0.2796875 0.50625 0.265625 0.49583333281249997 0.2625 0.4770833328125 0.2546875 0.475 0.234375 0.51875 0.2203125 0.525 0.215625 0.5416666671875 0.2 0.5520833328125 0.1890625 0.6416666671875 0.1796875 0.825 0.19375 0.85 0.19375 0.8041666671875 0.2171875 0.7395833328125
0 0.246875 0.80625 0.240625 0.8083333328125001 0.2359375 0.825 0.2375 0.85625 0.2515625 0.85625 0.259375 0.8333333328125001 0.246875 0.80625
0 0.2734375 0.7375 0.271875 0.7479166671875 0.3203125 0.7 0.309375 0.6979166671875 0.2734375 0.7375
0 0.34375 0.8270833328125 0.35625 0.8020833328125001 0.35625 0.7083333328125 0.346875 0.71875 0.33125 0.7729166671875001 0.334375 0.8354166671875 0.3375 0.8479166671874999 0.3453125 0.8479166671874999 0.34375 0.8270833328125
0 0.41875 0.5395833328124999 0.434375 0.5166666671875 0.4171875 0.5291666671875 0.41875 0.5395833328124999
0 0.828125 0.8770833328125001 0.840625 0.8520833328125 0.8625 0.83125 0.8796875 0.775 0.865625 0.70625 0.834375 0.6708333328125 0.7953125 0.6729166671875 0.775 0.6833333328125 0.75625 0.7083333328125 0.7421875 0.7541666671875 0.7453125 0.80625 0.778125 0.875 0.790625 0.86875 0.828125 0.8770833328125001
0 0.5546875 0.3604166671875 0.5796875 0.36875 0.578125 0.38125 0.584375 0.38125 0.584375 0.3604166671875 0.5703125 0.3541666671875 0.559375 0.3166666671875 0.5359375 0.3104166671875 0.5359375 0.3 0.5234375 0.3125 0.53125 0.3291666671875 0.546875 0.33541666718749996 0.5546875 0.3604166671875
0 0.465625 0.5458333328125 0.4671875 0.5333333328125 0.4890625 0.525 0.4875 0.5166666671875 0.4703125 0.5125 0.459375 0.49583333281249997 0.4625 0.46458333281249997 0.45 0.47291666718750003 0.45 0.5020833328125 0.4375 0.5333333328125 0.4421875 0.5416666671875 0.465625 0.5458333328125
0 0.4390625 0.2708333328125 0.4546875 0.28125 0.453125 0.3125 0.4625 0.3270833328125 0.453125 0.4583333328125 0.4609375 0.45208333281249996 0.4734375 0.47083333281249995 0.484375 0.46666666718750005 0.4984375 0.43541666718750005 0.5453125 0.43541666718750005 0.546875 0.44166666718750003 0.5609375 0.43333333281249997 0.5921875 0.43541666718750005 0.5921875 0.41875 0.5828125 0.40208333281249997 0.5484375 0.3604166671875 0.54375 0.36875 0.5375 0.35625 0.528125 0.35625 0.5046875 0.3166666671875 0.4953125 0.3145833328125 0.49375 0.29375 0.4765625 0.2833333328125 0.478125 0.27291666718749996 0.4625 0.23541666718749998 0.4421875 0.2166666671875 0.4234375 0.21875 0.4234375 0.22916666718749998 0.43125 0.23333333281250002 0.4390625 0.2708333328125