0 0.2484375 0.48541666718750004 0.259375 0.45416666718750004 0.2359375 0.4895833328125 0.1859375 0.5416666671875 0.090625 0.5979166671875 0.08125 0.6083333328125 0.1390625 0.5833333328125 0.2078125 0.5375 0.2484375 0.48541666718750004
0 0.8859375 0.7666666671875 0.8734375 0.8291666671875 0.8796875 0.825 0.8921875 0.7833333328125 0.8921875 0.7479166671875 0.8796875 0.7041666671875 0.3890625 0.06875 0.3609375 0.0395833328125 0.3296875 0.025 0.25 0.0166666671875 0.2359375 0.03125 0.2359375 0.0458333328125 0.24375 0.04375 0.878125 0.7291666671875 0.8859375 0.7666666671875
0 0.3515625 0.1666666671875 0.34375 0.1979166671875 0.2875 0.2875 0.278125 0.3125 0.2625 0.4604166671875 0.2703125 0.4895833328125 0.2890625 0.5083333328124999 0.2890625 0.5208333328125 0.275 0.54375 0.2359375 0.6520833328125 0.2234375 0.7041666671875 0.2171875 0.76875 0.1984375 0.8125 0.196875 0.8333333328125001 0.2125 0.85625 0.2375 0.8416666671874999 0.2546875 0.8416666671874999 0.25625 0.8333333328125001 0.3515625 0.8479166671874999 0.3515625 0.8708333328125001 0.359375 0.875 0.359375 0.8833333328125 0.38125 0.8875 0.39375 0.8666666671875 0.3953125 0.8041666671875 0.41875 0.71875 0.4265625 0.61875 0.4234375 0.5708333328124999 0.409375 0.5416666671875 0.4328125 0.5104166671875 0.44375 0.4770833328125 0.4515625 0.3854166671875 0.4484375 0.3145833328125 0.421875 0.2541666671875 0.4015625 0.1291666671875 0.36875 0.0625 0.309375 0.0375 0.2625 0.0354166671875 0.246875 0.0479166671875 0.2609375 0.08333333281250001 0.2984375 0.0916666671875 0.346875 0.1416666671875 0.3515625 0.1666666671875
0 0.271875 0.1 0.2625 0.0916666671875 0.259375 0.12291666718750001 0.275 0.3104166671875 0.28125 0.2958333328125 0.271875 0.1
0 0.2796875 0.73125 0.2734375 0.7479166671875 0.328125 0.6895833328125 0.3171875 0.6916666671875 0.2796875 0.73125
0 0.3359375 0.8375 0.3421875 0.8416666671874999 0.3359375 0.8125 0.3359375 0.8375
0 0.334375 0.7604166671875 0.3328125 0.78125 0.35625 0.7375 0.35625 0.7083333328125 0.334375 0.7604166671875
0 0.4171875 0.5270833328125 0.415625 0.5416666671875 0.4203125 0.5416666671875 0.4328125 0.5166666671875 0.4171875 0.5270833328125
0 0.825 0.875 0.8734375 0.7395833328125 0.871875 0.7125 0.8375 0.6708333328125 0.8140625 0.6708333328125 0.790625 0.6854166671875 0.78125 0.6958333328124999 0.775 0.7208333328125 0.7703125 0.78125 0.76875 0.825 0.778125 0.86875 0.8109375 0.8645833328125001 0.825 0.875
0 0.453125 0.22291666718749997 0.471875 0.24583333281250003 0.4578125 0.21875 0.453125 0.22291666718749997
0 0.484375 0.26875 0.5125 0.30416666718749996 0.478125 0.25 0.484375 0.26875
0 0.5796875 0.40416666718750005 0.6171875 0.43541666718750005 0.5421875 0.34375 0.5390625 0.3479166671875 0.5484375 0.3645833328125 0.5609375 0.3729166671875 0.5796875 0.40416666718750005
0 0.5640625 0.8083333328125001 0.6296875 0.8041666671875 0.6640625 0.8229166671874999 0.6671875 0.85625 0.68125 0.8520833328125 0.6828125 0.825 0.6890625 0.8145833328125001 0.69375 0.6895833328125 0.6734375 0.6541666671875 0.6578125 0.65625 0.6390625 0.63125 0.63125 0.6125 0.628125 0.5604166671875 0.5984375 0.47291666718750003 0.584375 0.45416666718750004 0.5703125 0.45416666718750004 0.5625 0.46458333281249997 0.53125 0.6208333328125 0.496875 0.7 0.5 0.76875 0.5140625 0.8291666671875 0.540625 0.8375 0.5640625 0.8083333328125001
0 0.6640625 0.6541666671875 0.6859375 0.6770833328125 0.628125 0.55625 0.625 0.5520833328125 0.625 0.5729166671875 0.6359375 0.6 0.6640625 0.6541666671875
0 0.2578125 0.8416666671874999 0.25625 0.825 0.24375 0.8083333328125001 0.2359375 0.8270833328125 0.2328125 0.8479166671874999 0.2421875 0.8604166671875 0.25 0.8583333328125 0.2578125 0.8416666671874999
0 0.340625 0.125 0.3359375 0.125 0.3375 0.20208333281250002 0.3484375 0.1770833328125 0.340625 0.125